(b'A', b'E', b'N', b'T', 1, 2, 25040, 4, 8, 345, 3885, 3218272506, 521276442, 14650, -15, -884, -5410, -21157, 62, 116, 24, 145, 139, 42078, 59493, 22, 10, 48.852785147647, -156.531084468818, 128.897279204527, -51.418279716754); Tue Jul  06 22:34:39 2021
(b'A', b'E', b'N', b'T', 1, 2, 2, 4, 2, 45481, 4, 3997459749, -620637458, 26829, -15771, 32766, 11094, 30616, 94, 8, 10, 60, 8, 63825, 33566, 22, 50517, -29.327930585653, 131.52695098716, 132.171806374494, 41.28247070406); Tue Jul  06 22:34:39 2021
(b'A', b'E', b'N', b'T', 1, 2, 10284, 4, 18, 12888, 2, 3, 592741237, -21534, -4234, 32766, 17257, 3626, 6, 201, 2, 9, 7, 1, 35146, 22, 59138, -58.307363176526, -66.296843260672, 103.975206706039, -78.024627551761); Tue Jul  06 22:34:39 2021
(b'A', b'E', b'N', b'T', 1, 2, 5658, 4, 13, 39318, 6154, 157741240, 1000344634, 22535, 32733, -18977, 2610, -26729, 114, 106, 33, 10, 11, 64707, 15, 22, 11, 127.006490234314, 101.519685928002, -88.869020591723, -72.795962506871); Tue Jul  06 22:34:39 2021
(b'A', b'E', b'N', b'T', 1, 2, 34474, 4, 3509978457, 5, 4, 3558463733, -1871135864, -14693, -9769, -9286, -13649, -2824, 3, 5, 61, 221, 72, 5, 10, 22, 19, -103.539385015096, 153.026556034311, 153.802371889232, -99.365994771627); Tue Jul  06 22:34:39 2021
(b'A', b'E', b'N', b'T', 1, 2, 9734, 4, 1, 61255, 2, 1002438737, 623807668, 13598, 5714, 32766, 20118, -20920, 49, 165, 7, 136, 15, 56596, 2, 22, 19116, 80.29686947611, 134.833191601471, -41.730684719833, -82.311587936846); Tue Jul  06 22:34:39 2021
(b'A', b'E', b'N', b'T', 1, 2, 8819, 4, 2963338549, 2, 23465, 2379539541, 2141873631, 17450, 25301, -26063, -10601, 6245, 111, 44, 53, 9, 8, 42666, 24351, 22, 27005, -8.527940814956, 152.677577058272, 89.389756104463, 172.671395313146); Tue Jul  06 22:34:39 2021
(b'A', b'E', b'N', b'T', 1, 2, 1, 4, 6, 4, 6, 6, -1675647, -15336, 28489, -30303, -19200, 27410, 9, 1, 12, 35, 20, 12967, 9, 22, 7, 100.444203646939, -169.382220960466, 106.700458585324, 69.957677038241); Tue Jul  06 22:34:39 2021
(b'A', b'E', b'N', b'T', 1, 2, 49847, 4, 3, 41859, 43940, 7, 1037037660, 15196, -22653, -16372, 11051, -24703, 60, 4, 8, 58, 241, 3, 14, 22, 39777, -20.798629976917, 118.900902579837, -150.123217896233, 131.834653781488); Tue Jul  06 22:34:39 2021
(b'A', b'E', b'N', b'T', 1, 2, 65064, 4, 1654266166, 4, 3, 787182440, 1030757832, 5062, -14116, 32766, -9407, 22215, 11, 164, 6, 109, 37, 48848, 42532, 22, 35395, 4.116539421261, -99.358048797617, 157.148130011638, 50.176723516845); Tue Jul  06 22:34:39 2021
(b'A', b'E', b'N', b'T', 1, 2, 3710, 4, 570453860, 3, 1, 589988697, -2103051002, -29441, 11332, 32766, 13909, 14537, 29, 192, 16, 5, 194, 41636, 4835, 22, 10, 96.287727256182, -22.982398354542, 129.69259715801, -2.042794748066); Tue Jul  06 22:34:39 2021
(b'A', b'E', b'N', b'T', 1, 2, 39952, 4, 8, 3, 25180, 300187412, -1558929466, 26421, -9329, 32766, 27910, -23304, 1, 13, 12, 15, 104, 16, 1, 22, 62679, 53.555400340706, -70.124636105728, 85.728103461683, 76.789552072322); Tue Jul  06 22:34:39 2021
(b'A', b'E', b'N', b'T', 1, 2, 32110, 4, 3038854708, 3, 57991, 2601336280, 1140914404, -12483, 23962, -29391, -5593, -4398, 14, 111, 5, 208, 209, 65297, 5, 22, 15407, -173.707528562825, 57.923572622592, 69.14280170256, 123.879334935329); Tue Jul  06 22:34:39 2021
(b'A', b'E', b'N', b'T', 1, 2, 13082, 4, 17, 3, 6, 2, -957182215, 11995, 28724, 32766, 13727, -18944, 153, 232, 47, 163, 10, 12311, 57943, 22, 19679, -89.449789069245, -58.04726330092, 44.532217481201, -45.350602154212); Tue Jul  06 22:34:39 2021
(b'A', b'E', b'N', b'T', 1, 2, 2, 4, 6, 62897, 38619, 7, 947689396, 25506, -25901, 32766, -18835, -31978, 7, 2, 9, 7, 226, 13448, 15, 22, 11270, -55.663076308837, 55.262791254886, -103.931411995472, 100.004860916554); Tue Jul  06 22:34:39 2021
(b'A', b'E', b'N', b'T', 1, 2, 28493, 4, 2961657011, 1520, 21242, 495042304, -984742720, -4691, 15886, 32766, 4575, 3065, 127, 136, 7, 145, 221, 54757, 15, 22, 62997, 112.57942750585, 117.679771869275, 4.231981774545, 117.370614803115); Tue Jul  06 22:34:39 2021
(b'A', b'E', b'N', b'T', 1, 2, 17555, 4, 3549639706, 61539, 62142, 1, 2056923393, 13515, -5335, -17829, 2785, 5107, 6, 7, 6, 16, 114, 16, 7, 22, 54866, 132.962800710345, -120.036123087178, -174.074114649577, 153.32637000422); Tue Jul  06 22:34:39 2021
(b'A', b'E', b'N', b'T', 1, 2, 2, 4, 867732936, 4, 58810, 1932266286, -1880849239, -19520, -31302, -17533, -1569, 31790, 10, 9, 8, 209, 42, 19, 58252, 22, 11, 148.070505610839, 135.304880847229, 129.973934110992, 1.523648245263); Tue Jul  06 22:34:39 2021
(b'A', b'E', b'N', b'T', 1, 2, 1, 4, 1, 54847, 54780, 4, 792987828, 13178, 14910, -23141, 24336, -27065, 7, 19, 4, 87, 17, 2, 751, 22, 42411, 125.7257774206, -2.918201059078, 50.692950677865, 104.151348717382); Tue Jul  06 22:34:39 2021
(b'A', b'E', b'N', b'T', 1, 2, 12224, 4, 895284716, 4, 18760, 882143894, 1260325327, 23298, 17683, 32766, 6126, 608, 205, 12, 15, 97, 211, 16932, 52318, 22, 22, 157.420232536907, -19.153066498005, 127.841391158698, 136.473077580089); Tue Jul  06 22:34:39 2021
